[[ 3.9747 -7.9489 -5.9862  0.7293 -9.3436 -9.5929 -8.1331 -3.4551  7.9556
   7.1119  4.9902]
 [-1.5514  5.7939 -1.9466 -7.3564 -5.4884  2.8123 -6.3128 -4.4654  0.8952
  -1.7274 -0.3097]
 [ 3.2424 -8.2962 -5.386   0.6517 -8.534  -8.0479 -8.5754 -3.0131  8.054
   6.449   4.9813]
 [-4.2799  9.2049  5.3878  9.7356 -5.8016 -7.2838  8.078  -8.6189 -8.4148
   0.734  -8.267 ]
 [ 3.6227 -8.3106 -4.7119 -0.4008 -8.7026 -8.0874 -7.8944 -4.1141  8.3781
   7.0964  5.3361]
 [ 1.1125 -0.6937  7.2581  6.4932 -8.501  -3.592  -1.5749  3.1273  2.7619
   0.3987 -2.8428]
 [-1.8953 -6.7288 -5.7889  5.3751 -2.7757 -2.2103  5.1397  7.2631  5.0033
  -2.0071 -1.568 ]]